[gd_scene load_steps=5 format=3 uid="uid://dn1e1oi36nh4v"]

[ext_resource type="PackedScene" uid="uid://bk2r4u7mfbf1b" path="res://scenes/player/player.tscn" id="1_2kg0b"]
[ext_resource type="PackedScene" uid="uid://7qm3f0w4r3lc" path="res://!TESTING/scenes/Pipes/Test90.tscn" id="2_t0352"]
[ext_resource type="PackedScene" uid="uid://dbpxo7r6pturq" path="res://!TESTING/scenes/Pipes/TestU.tscn" id="3_5y13n"]
[ext_resource type="PackedScene" uid="uid://mee70sl6f8qe" path="res://!TESTING/scenes/Pipes/TestCross.tscn" id="4_hdije"]

[node name="!testPipes" type="Node3D"]

[node name="Lighting" type="Node3D" parent="."]
transform = Transform3D(-4.371139e-08, 0, -1, 0, 1, 0, 1, 0, -4.371139e-08, 0, -5.1301575, 96.99225)

[node name="OmniLight3D" type="OmniLight3D" parent="Lighting"]
transform = Transform3D(1, 0, 0, 0, 1, 0, 0, 0, 1, 109.05188, 0, -4.766809e-06)
light_energy = 16.0
omni_range = 4096.0
omni_attenuation = 0.82

[node name="OmniLight3D2" type="OmniLight3D" parent="Lighting"]
transform = Transform3D(1, 0, 0, 0, 1, 0, 0, 0, 1, 210.16333, 67.812195, -364.53568)
light_energy = 16.0
omni_range = 4096.0
omni_attenuation = 0.82

[node name="OmniLight3D3" type="OmniLight3D" parent="Lighting"]
transform = Transform3D(1, 0, 0, 0, 1, 0, 0, 0, 1, 104.17171, 0, 182.19003)
light_energy = 16.0
omni_range = 4096.0
omni_attenuation = 0.82

[node name="player" parent="." instance=ExtResource("1_2kg0b")]
transform = Transform3D(-4.371139e-08, 0, -1, 0, 1, 0, 1, 0, -4.371139e-08, 0, -5.1301575, 96.99225)
pixelization = 3.5

[node name="PipeSystem" type="Node3D" parent="."]

[node name="Test90" parent="PipeSystem" instance=ExtResource("2_t0352")]
transform = Transform3D(-4.371139e-08, -1, 0, 1, -4.371139e-08, 0, 0, 0, 1, -132.86084, 0, 206.67136)

[node name="TestCross" parent="PipeSystem" instance=ExtResource("4_hdije")]
transform = Transform3D(1, -3.5527137e-15, -5.3290705e-15, -3.5527137e-15, 1, 2.9802322e-08, 8.881784e-15, 0, 1, 0, 3.6358833e-06, 325.85297)

[node name="TestU" parent="PipeSystem" instance=ExtResource("3_5y13n")]
transform = Transform3D(-0.9999999, -7.578651e-08, -4.3579167e-08, -3.958982e-08, 0.83702207, -0.54716873, 7.7944755e-08, -0.5471688, -0.83702207, 126.33644, 0.715, 207.34436)

[node name="Test91" parent="PipeSystem/TestU" instance=ExtResource("2_t0352")]
transform = Transform3D(7.3136497e-10, 1.0000001, 7.612804e-08, 0.86028004, 3.8182534e-08, -0.5098224, -0.5098225, 6.586426e-08, -0.86027986, -3.1869812, 0.2904358, -240.00238)

[node name="TestU2" parent="PipeSystem" instance=ExtResource("3_5y13n")]
transform = Transform3D(-4.1445034e-08, -0.25323454, -0.96740496, 1.3892252e-08, 0.96740496, -0.25323454, 0.99999976, -2.3934742e-08, -3.657612e-08, -229.30676, 65.68118, 293.37033)

[node name="TestU3" parent="PipeSystem" instance=ExtResource("3_5y13n")]
transform = Transform3D(-4.3711378e-08, 0.27228025, 0.962218, 0, 0.962218, -0.27228025, -0.99999976, -1.1901747e-08, -4.2059884e-08, 1.0627975, -0.24759674, 292.28854)
